mode: "train"

train_level: "dense" # dense, weak
use_pseudo: True

data_dir: "../dataset/cad120/object"

affordance:
  ["openable", "cuttable", "pourable", "containable", "supportable", "holdable"]
neg_weight: [7.316388710711995e-06, 1.4027312842361533e-06, 1.3673572877426833e-05, 4.03860644035533e-05, 3.0847886029411764e-05, 0.00022129398634453782]

random_crop_size: [320, 320] # [width, height]
random_scale_max: 2
random_scale_min: 0.5
random_tilt_max_deg: 10
random_wiggle_max_ratio: 0
random_horizon_reflect: True

dataset_mean: [132.47758921, 106.32022472, 111.57047992]
dataset_std: [67.45043020, 70.23484331, 72.19806953]

epochs: 100
batch_size: 4
workers: 10

lr: 0.001
momentum: 0.9
weight_decay: 0.0001

save_dir: "output"

resume: ""
