mode: 'train'
arch: ''

data_dir: '../dataset/nyud2'
data_mean: [0.29010095242892997, 0.32808144844279574, 0.28696394422942517]
data_std: [0.1829540508368939, 0.18656561047509476, 0.18447508988480435]


random_crop: 512
random_rotate: 10
random_scale: 2

workers: 12
epochs: 200
batch_size: 2

lr: 0.007
lr_mode: 'poly'
momentum: 0.9
weight_decay: 0.0001

resume: ''
