mode: "train"

train_level: "weak"

data_dir: "../dataset/cad120/object"

affordance:
  ["openable", "cuttable", "pourable", "containable", "supportable", "holdable"]

random_crop_size: [321, 321]
random_tilt_max_deg: 10
random_shrink_max: 1
random_shrink_min: 0.5
random_wiggle_max_ratio: 0
random_horizon_reflect: True

dataset_mean: [132.47758920907586, 106.32022472065732, 111.5704799224029]
dataset_std: [67.45043019809088, 70.23484330785524, 72.19806953380163]
dataset_hist: [1452, 600, 4410, 6154, 5549, 9439]
dataset_weight: [0.23328905, 0.28841156, 0.14347772, 0.11838961, 0.12590544, 0.09052663]

epochs: 100
batch_size: 4
workers: 10

lr_mode: "poly"
lr: 0.007
momentum: 0.9
weight_decay: 0.0001

save_dir: "output"

resume: ""
