mode: "train"

data_dir: "../dataset/cad120/object"

task:
  affordance:
    num_classes: 2
    category: ["Openable", "Cuttable", "Pourable", "Containable", "Supportable", "Holdable"]

random_crop: 321
random_rotate: 10
random_scale: 2

data_mean: [0.519519957682635, 0.416942057728106, 0.437531293813372]
data_std: [0.264511490972910, 0.275430758070024, 0.283129684446284]

epochs: 100
batch_size: 4
workers: 10

lr: 0.001
lr_mode: "poly"
momentum: 0.9
weight_decay: 0.0001

save_dir: "output"

resume: ""
